# Parameters and losses from optimization
Loss: 0.454031, Params: [0.789768, 0.219444, 0.745841, 0.000100, 0.145853, -5.168987, 0.786883]
Loss: 0.474163, Params: [0.874167, 1.000000, 1.000000, 0.000100, 0.000100, -5.269330, 0.845757]
Loss: 0.470575, Params: [0.807404, 0.522874, 0.886192, 0.000100, 0.225000, -4.675585, 1.321945]
Loss: 0.497643, Params: [0.121132, 1.000000, 0.745335, 0.000100, 0.225000, -5.307952, 1.715638]
Loss: 0.485165, Params: [1.000000, 0.710444, 0.676426, 0.087819, 0.000100, -5.341458, 1.176103]
Loss: 0.453863, Params: [0.290226, 0.669989, 0.285672, 0.000100, 0.225000, -4.804421, 0.980770]
Loss: 0.479006, Params: [0.678197, 0.697015, 0.518850, 0.028982, 0.000100, -5.139306, 1.427050]
Loss: 0.474148, Params: [0.703993, 0.070324, 0.930023, 0.000100, 0.000100, -5.209259, 1.029112]
Loss: 0.565668, Params: [0.406686, 0.343739, 0.775676, 0.063166, 0.225000, -4.749524, 1.371770]
Loss: 0.479169, Params: [0.297643, 0.255333, 0.338318, 0.072041, 0.000100, -4.907923, 0.860937]
Loss: 0.542947, Params: [0.238203, 0.512710, 0.698780, 0.251392, 0.105640, -4.741273, 1.285243]
Loss: 0.453830, Params: [0.442121, 0.146406, 0.395930, 0.000100, 0.225000, -4.862122, 0.973782]
Loss: 0.619596, Params: [0.282302, 0.000352, 1.000000, 0.340777, 0.225000, -5.334766, 1.220742]
Loss: 0.474160, Params: [0.459625, 1.000000, 0.474659, 0.000100, 0.000100, -4.542013, 0.939923]
Loss: 0.517647, Params: [0.390932, 0.337164, 0.706794, 0.297562, 0.225000, -4.977077, 0.807651]
Loss: 0.647908, Params: [0.661947, 0.620728, 0.218520, 0.321153, 0.225000, -4.634193, 1.440875]
Loss: 0.453553, Params: [0.026692, 0.311805, 0.664418, 0.000100, 0.225000, -4.636334, 0.908225]
Loss: 0.474127, Params: [0.688319, 0.542063, 0.362845, 0.000100, 0.000100, -4.997679, 1.268673]
Loss: 0.487976, Params: [0.155346, 0.832916, 0.478431, 0.221901, 0.225000, -4.919410, 0.684783]
Loss: 0.477317, Params: [0.491973, 0.614075, 0.551220, 0.024109, 0.000100, -4.974278, 1.253316]
Loss: 0.474165, Params: [0.157712, 0.328805, 0.828532, 0.000100, 0.000100, -5.320827, 0.756147]
Loss: 0.527117, Params: [0.593262, 0.476003, 0.326668, 0.263888, 0.061596, -4.540613, 1.390903]
Loss: 0.557352, Params: [0.009427, 0.276660, 0.603771, 0.105099, 0.225000, -4.489367, 1.245418]
Loss: 0.574063, Params: [0.850900, 0.963425, 0.441794, 0.538285, 0.225000, -4.646604, 0.978570]
Loss: 0.502549, Params: [0.562074, 0.468918, 0.585846, 0.315334, 0.017212, -4.652859, 1.233806]
Loss: 0.593389, Params: [0.648080, 0.000000, 0.958536, 0.099078, 0.143573, -5.225682, 1.655742]
Loss: 0.474096, Params: [0.125955, 0.196029, 0.883024, 0.000100, 0.000100, -4.578345, 1.576332]
Loss: 0.454604, Params: [0.428318, 0.510789, 0.315454, 0.000100, 0.066588, -4.697163, 1.261602]
Loss: 0.453492, Params: [0.245667, 0.199339, 0.338497, 0.000100, 0.225000, -4.600072, 0.712561]
Loss: 0.474098, Params: [0.716079, 0.109626, 1.000000, 0.000100, 0.000100, -4.744515, 1.555228]
Loss: 0.481709, Params: [0.000000, 0.386428, 1.000000, 0.000100, 0.225000, -4.315787, 1.492838]
Loss: 0.658047, Params: [0.046864, 0.381969, 0.820549, 0.608591, 0.150454, -4.603947, 1.535639]
Loss: 0.482151, Params: [0.226005, 0.148285, 0.734314, 0.066168, 0.000100, -4.913442, 1.187836]
Loss: 0.545883, Params: [0.000000, 0.820628, 0.743953, 0.238342, 0.225000, -4.724778, 1.005160]
Loss: 0.474115, Params: [0.099992, 0.366011, 1.000000, 0.000100, 0.000100, -4.860368, 1.384101]
Loss: 0.504363, Params: [0.218832, 0.157178, 0.710208, 0.244708, 0.000100, -4.706780, 1.315429]
Loss: 0.488948, Params: [0.837786, 0.459669, 0.724583, 0.243402, 0.000100, -4.778893, 0.802955]
Loss: 0.504419, Params: [0.096322, 0.879584, 0.213457, 0.393153, 0.042037, -4.974942, 1.051983]
Loss: 0.469951, Params: [0.618542, 0.550296, 0.793232, 0.025293, 0.219514, -4.853494, 0.844486]
Loss: 0.476609, Params: [0.595993, 0.552839, 0.414112, 0.048509, 0.000100, -4.675956, 0.726985]
Loss: 0.465145, Params: [0.147186, 0.523474, 0.197284, 0.115147, 0.225000, -4.254161, 0.572947]
Loss: 0.525892, Params: [0.447372, 0.320757, 0.455254, 0.620620, 0.000100, -4.631811, 1.240723]
Loss: 0.453720, Params: [0.363722, 0.000000, 0.963370, 0.000100, 0.225000, -4.733738, 0.954173]
Loss: 0.453867, Params: [0.812546, 1.000000, 0.669797, 0.000100, 0.082676, -5.019349, 1.275749]
Loss: 0.485815, Params: [0.000000, 0.323259, 0.453733, 0.000100, 0.225000, -4.644110, 1.603782]
Loss: 0.461181, Params: [0.515133, 0.000000, 0.305138, 0.042166, 0.225000, -4.744530, 0.652109]
Loss: 0.508772, Params: [0.217436, 0.428704, 0.662512, 0.605561, 0.000100, -5.111326, 0.830810]
Loss: 0.474131, Params: [0.281102, 0.703211, 1.000000, 0.000100, 0.000100, -5.107616, 1.223479]
Loss: 0.500514, Params: [0.684409, 1.000000, 0.227956, 0.494366, 0.000100, -4.673395, 0.782943]
Loss: 0.474116, Params: [0.846123, 0.299607, 1.000000, 0.000100, 0.000100, -5.061824, 1.355387]
Loss: 0.459011, Params: [0.269532, 0.043319, 0.677393, 0.000100, 0.225000, -4.678619, 1.203053]
Loss: 0.453519, Params: [1.000000, 0.522723, 0.841173, 0.000100, 0.218028, -4.837712, 0.697199]
Loss: 0.463021, Params: [0.304490, 0.184828, 0.872853, 0.000100, 0.225000, -4.768368, 1.246022]
Loss: 0.474164, Params: [0.260501, 0.971992, 0.204439, 0.000100, 0.000100, -4.777974, 0.861875]
Loss: 0.464976, Params: [0.786783, 0.368851, 0.744729, 0.000100, 0.016537, -4.515359, 1.191848]
Loss: 0.478250, Params: [1.000000, 0.260774, 0.545976, 0.612668, 0.225000, -4.578669, 0.419627]
Loss: 0.477410, Params: [0.745702, 0.481849, 0.927856, 0.036133, 0.000100, -4.544497, 1.032880]
Loss: 0.456835, Params: [0.425444, 0.015537, 0.741158, 0.000100, 0.225000, -4.528582, 0.442068]
Loss: 0.474110, Params: [0.518789, 0.434574, 0.494224, 0.000100, 0.000100, -4.527926, 1.486631]
Loss: 0.453404, Params: [0.082147, 0.221188, 0.843505, 0.000100, 0.225000, -4.828738, 0.748833]
Loss: 0.458238, Params: [0.608529, 0.000000, 0.958516, 0.045026, 0.225000, -5.296786, 0.461562]
Loss: 0.475747, Params: [0.893271, 0.298288, 0.627959, 0.402161, 0.157045, -4.956948, 0.482204]
Loss: 0.551167, Params: [1.000000, 0.417510, 0.678162, 0.088785, 0.225000, -4.975867, 1.205605]
Loss: 0.474179, Params: [0.467302, 0.000000, 1.000000, 0.000100, 0.000100, -4.907509, 0.468699]
Loss: 0.453491, Params: [0.100556, 0.135376, 0.564163, 0.000100, 0.225000, -4.985079, 0.840945]
Loss: 0.460326, Params: [0.190745, 0.000000, 1.000000, 0.036995, 0.225000, -4.412759, 0.353217]
Loss: 0.535466, Params: [0.432929, 0.374421, 0.403260, 0.518900, 0.225000, -4.777235, 0.804864]
Loss: 0.495829, Params: [0.018793, 0.290233, 1.000000, 0.521948, 0.225000, -4.738265, 0.595469]
Loss: 0.284601, Params: [0.947238, 0.413601, 1.000000, 0.000100, 0.225000, -4.724336, 0.157815]
Loss: 0.474173, Params: [0.460952, 0.357559, 0.436244, 0.000100, 0.000100, -4.544055, 0.606624]
Loss: 0.563243, Params: [0.000000, 0.020916, 0.719234, 0.312659, 0.193906, -4.779437, 1.090533]
Loss: 0.491630, Params: [0.048083, 0.029210, 0.661799, 0.384905, 0.225000, -4.547832, 0.631827]
Loss: 0.467966, Params: [0.149210, 0.492297, 0.280588, 0.347108, 0.225000, -4.695106, 0.323780]
Loss: 0.462190, Params: [0.505314, 0.756339, 0.331065, 0.042959, 0.225000, -4.634728, 0.293605]
Loss: 0.108375, Params: [0.000000, 0.373561, 1.000000, 0.000100, 0.225000, -4.658271, 0.100000]
Loss: 0.456759, Params: [0.100236, 0.331918, 0.837352, 0.000100, 0.225000, -4.257276, 0.460097]
Loss: 0.476563, Params: [0.376165, 0.268324, 1.000000, 0.035081, 0.000100, -4.990737, 0.856488]
Loss: 0.474180, Params: [1.000000, 0.352002, 0.839309, 0.000100, 0.000100, -4.144738, 0.478209]
Loss: 0.458249, Params: [0.423395, 0.185720, 1.000000, 0.039878, 0.225000, -4.783171, 0.457442]
Loss: 0.466772, Params: [0.526832, 0.617142, 0.846488, 0.266397, 0.225000, -3.885758, 0.287273]
Loss: 0.478990, Params: [0.683253, 0.000000, 0.599170, 0.362065, 0.000100, -4.800100, 0.300439]
Loss: 0.280733, Params: [0.098172, 0.844241, 0.902195, 0.307151, 0.152924, -4.530907, 0.100000]
Loss: 0.102797, Params: [0.000000, 0.049245, 1.000000, 0.000100, 0.225000, -4.643883, 0.100000]
Loss: 0.464359, Params: [0.000000, 0.000000, 0.869747, 0.170290, 0.225000, -4.883452, 0.385070]
Loss: 0.102797, Params: [0.000000, 0.046640, 1.000000, 0.000100, 0.225000, -4.638159, 0.100000]
Loss: 0.479905, Params: [0.000000, 0.136327, 0.635574, 1.190016, 0.000100, -3.885234, 0.238768]
Loss: 0.279696, Params: [0.064137, 0.000000, 1.000000, 0.130706, 0.225000, -4.449576, 0.100000]
Loss: 0.279185, Params: [0.062912, 0.418962, 0.363883, 0.035207, 0.128999, -4.741285, 0.172602]
Loss: 0.278198, Params: [0.675377, 0.273377, 1.000000, 0.000100, 0.225000, -4.815717, 0.149166]
Loss: 0.528566, Params: [0.000000, 0.967267, 0.669331, 0.738245, 0.000100, -3.993921, 1.243193]
Loss: 0.279396, Params: [0.081207, 0.000000, 1.000000, 0.000100, 0.144910, -5.330436, 0.100000]
Loss: 0.280306, Params: [0.953865, 0.757416, 0.000000, 0.000100, 0.000100, -4.541097, 0.100000]
Loss: 0.490706, Params: [0.152594, 0.000000, 0.527762, 0.648681, 0.000100, -5.365359, 0.472916]
Loss: 0.456615, Params: [0.886641, 0.000000, 1.000000, 0.000100, 0.225000, -3.921358, 0.286728]
Loss: 0.488655, Params: [0.550183, 0.000000, 1.000000, 1.575464, 0.000100, -4.201554, 0.269049]
Loss: 0.457019, Params: [0.000000, 0.449619, 0.432840, 0.000100, 0.225000, -4.725230, 0.915635]
Loss: 0.102797, Params: [0.473879, 0.000000, 0.441791, 0.000100, 0.225000, -4.899113, 0.100000]
Loss: 0.508769, Params: [0.944266, 0.000000, 0.581035, 0.612201, 0.000100, -4.291938, 0.890946]
Loss: 0.474918, Params: [0.000000, 0.000000, 0.876746, 0.435288, 0.225000, -4.863656, 0.384926]
Loss: 0.279131, Params: [0.000000, 0.072313, 0.676135, 0.000100, 0.225000, -4.465924, 0.100000]
Loss: 0.102832, Params: [0.000000, 0.000000, 0.414367, 0.000100, 0.225000, -4.596024, 0.100000]
Loss: 0.283120, Params: [0.810576, 0.000000, 0.000000, 0.890530, 0.225000, -5.058653, 0.100000]
Loss: 0.481354, Params: [1.000000, 0.596783, 0.572237, 0.196905, 0.137801, -4.994704, 0.688135]
Loss: 0.521368, Params: [1.000000, 0.560314, 0.945474, 0.468831, 0.000100, -5.353616, 1.256409]
Loss: 0.476370, Params: [0.849758, 0.000000, 0.000000, 0.338463, 0.000100, -4.795107, 0.428652]
Loss: 0.495762, Params: [0.810030, 0.389236, 0.000000, 0.890021, 0.000100, -5.053604, 0.463118]
Loss: 0.462286, Params: [0.357823, 0.867097, 1.000000, 0.000100, 0.000100, -4.203135, 1.446875]
Loss: 0.503901, Params: [0.521201, 0.148744, 0.135242, 0.427040, 0.000100, -4.401904, 0.977431]
Loss: 0.107017, Params: [0.727343, 0.787299, 0.613296, 1.240163, 0.000100, -3.655877, 0.100000]
Loss: 0.281826, Params: [0.000000, 0.000000, 1.000000, 0.667831, 0.225000, -4.460778, 0.100000]
Loss: 0.105903, Params: [0.000000, 0.000000, 0.713025, 0.996376, 0.225000, -3.926930, 0.100000]
Loss: 0.103118, Params: [0.000000, 0.000000, 1.000000, 0.000100, 0.225000, -2.889747, 0.100000]
Loss: 0.106114, Params: [0.265111, 0.171809, 0.000000, 0.920911, 0.225000, -4.882914, 0.100000]
Loss: 0.102665, Params: [0.570276, 0.239950, 0.000000, 0.000100, 0.225000, -5.521249, 0.100000]
Loss: 0.278198, Params: [1.000000, 0.000000, 0.724681, 0.000100, 0.225000, -4.966619, 0.144091]
Loss: 0.105413, Params: [0.610035, 0.600884, 0.000000, 0.389988, 0.000100, -4.592985, 0.121429]
Loss: 0.497987, Params: [0.000000, 0.605552, 0.000000, 0.680759, 0.225000, -5.075315, 0.504868]
Loss: 0.280795, Params: [0.000000, 0.000000, 0.976015, 0.127512, 0.013775, -5.142085, 0.100000]
Loss: 0.103104, Params: [1.000000, 0.966528, 0.000000, 0.079671, 0.225000, -4.821775, 0.100000]
Loss: 0.461121, Params: [0.000000, 0.147185, 1.000000, 0.060742, 0.225000, -4.021214, 0.529251]
Loss: 0.512633, Params: [0.965330, 0.000000, 0.000000, 0.063195, 0.225000, -4.504021, 1.063939]
Loss: 0.279166, Params: [0.425483, 0.000000, 1.000000, 0.009542, 0.225000, -4.341917, 0.100000]
Loss: 0.455388, Params: [1.000000, 0.750158, 1.000000, 0.000100, 0.225000, -4.427490, 0.650291]
Loss: 0.280306, Params: [0.000000, 0.000000, 0.202383, 0.000100, 0.000100, -4.334161, 0.100000]
Loss: 0.105167, Params: [1.000000, 0.000000, 1.000000, 0.366448, 0.019625, -5.629466, 0.100000]
Loss: 0.588560, Params: [0.671927, 0.122171, 0.270613, 0.263418, 0.225000, -4.837112, 1.180951]
Loss: 0.105947, Params: [1.000000, 0.000000, 0.000000, 0.770649, 0.225000, -5.784930, 0.100000]
Loss: 0.279131, Params: [1.000000, 0.300176, 0.000000, 0.000100, 0.225000, -4.533306, 0.100000]
Loss: 0.103520, Params: [1.000000, 0.988798, 0.206395, 0.198849, 0.225000, -5.833442, 0.100000]
Loss: 0.279131, Params: [0.500718, 0.482097, 0.752069, 0.000100, 0.225000, -4.382659, 0.100000]
Loss: 0.496338, Params: [0.000000, 0.483572, 0.000000, 1.268774, 0.000100, -5.465512, 0.353005]
Loss: 0.287871, Params: [0.000000, 0.680310, 0.917083, 0.726448, 0.000100, -4.408650, 0.224903]
Loss: 0.502138, Params: [1.000000, 0.828008, 1.000000, 0.637999, 0.000100, -4.982867, 0.691474]
Loss: 0.530347, Params: [0.933300, 1.000000, 0.000000, 0.699858, 0.000100, -4.253465, 1.298463]
Loss: 0.568547, Params: [1.000000, 0.928733, 0.000000, 1.965724, 0.000100, -4.218946, 1.457438]
Loss: 0.102650, Params: [1.000000, 1.000000, 0.581379, 0.000100, 0.225000, -5.767994, 0.100000]
Loss: 0.288642, Params: [1.000000, 0.000000, 0.130650, 1.178726, 0.225000, -5.999543, 0.161001]
Loss: 0.573856, Params: [1.000000, 1.000000, 1.000000, 2.127414, 0.000100, -6.049657, 1.322089]
Loss: 0.464047, Params: [1.000000, 1.000000, 0.000000, 0.330711, 0.225000, -4.975534, 0.214455]
Loss: 0.278716, Params: [0.000000, 0.006638, 0.829733, 0.000100, 0.225000, -5.968993, 0.100000]
Loss: 0.552971, Params: [1.000000, 1.000000, 0.000000, 0.753686, 0.000100, -6.091588, 1.625089]
Loss: 0.559608, Params: [1.000000, 0.782044, 0.000000, 0.712853, 0.000100, -4.400639, 2.154349]
Loss: 0.462261, Params: [0.000000, 1.000000, 0.000000, 0.000100, 0.000100, -7.454680, 2.021858]
Loss: 0.587202, Params: [1.000000, 0.411483, 0.284765, 1.030677, 0.000100, -6.030687, 3.246556]
Loss: 0.274118, Params: [0.615546, 0.000000, 1.000000, 0.000100, 0.225000, -5.042872, 0.100000]
Loss: 0.293789, Params: [1.000000, 0.462038, 0.000000, 0.885485, 0.000100, -6.075455, 0.283762]
Loss: 0.274186, Params: [1.000000, 0.000000, 1.000000, 0.000100, 0.225000, -4.294896, 0.100000]
Loss: 0.274053, Params: [0.000000, 0.330087, 1.000000, 0.000100, 0.225000, -6.169654, 0.100000]
Loss: 0.100539, Params: [0.000000, 0.491282, 1.000000, 0.343763, 0.225000, -4.816997, 0.100000]
Loss: 0.098905, Params: [0.630743, 1.000000, 0.000000, 0.000100, 0.225000, -5.753202, 0.100000]
Loss: 0.274186, Params: [0.000000, 0.019679, 0.000000, 0.000100, 0.225000, -4.247253, 0.100000]
Loss: 0.515946, Params: [0.306276, 0.395552, 0.986666, 1.467466, 0.000100, -6.285519, 0.512714]
Loss: 0.583008, Params: [0.000000, 1.000000, 0.492981, 3.000000, 0.000100, -7.368386, 1.233474]
Loss: 0.274118, Params: [0.578949, 0.151562, 1.000000, 0.000100, 0.225000, -5.278102, 0.100000]
Loss: 0.274053, Params: [1.000000, 0.345171, 1.000000, 0.000100, 0.225000, -6.022538, 0.100000]
Loss: 0.107045, Params: [0.410246, 0.213407, 0.932626, 1.311239, 0.000100, -5.695769, 0.100000]
Loss: 0.273711, Params: [0.000000, 0.038078, 0.000000, 0.000100, 0.225000, -5.374016, 0.167841]
Loss: 0.274053, Params: [0.279071, 1.000000, 1.000000, 0.000100, 0.225000, -6.019872, 0.100000]
Loss: 0.505510, Params: [0.241617, 1.000000, 0.617947, 2.284039, 0.225000, -5.925544, 0.302859]
Loss: 0.098965, Params: [0.000000, 0.528690, 1.000000, 0.000100, 0.225000, -4.775479, 0.100000]
Loss: 0.454011, Params: [0.455982, 0.000000, 1.000000, 0.000100, 0.000100, -5.235344, 0.701030]
Loss: 0.565980, Params: [1.000000, 1.000000, 0.000000, 2.279656, 0.000100, -5.891364, 1.099520]
Loss: 0.279237, Params: [0.000000, 1.000000, 0.396948, 1.415178, 0.069431, -2.629958, 0.100000]
Loss: 0.528286, Params: [0.471020, 0.324941, 0.319845, 3.000000, 0.225000, -4.367517, 0.434147]
Loss: 0.274118, Params: [0.000000, 0.000000, 1.000000, 0.000100, 0.225000, -5.100816, 0.100000]
Loss: 0.100466, Params: [1.000000, 0.177784, 1.000000, 0.235720, 0.000100, -4.115932, 0.114310]
Loss: 0.274615, Params: [0.048984, 0.646195, 1.000000, 0.000100, 0.000100, -5.283521, 0.100000]
Loss: 0.274615, Params: [0.000000, 1.000000, 1.000000, 0.000100, 0.000100, -6.043183, 0.100000]
Loss: 0.454013, Params: [1.000000, 0.573264, 1.000000, 0.000100, 0.000100, -5.145681, 0.987169]
Loss: 0.615579, Params: [0.947161, 1.000000, 1.000000, 0.610854, 0.225000, -4.051818, 1.185459]
Loss: 0.454033, Params: [1.000000, 0.000000, 1.000000, 0.000100, 0.000100, -6.964687, 1.597642]
Loss: 0.098965, Params: [1.000000, 1.000000, 0.981685, 0.000100, 0.225000, -4.780556, 0.100000]
Loss: 0.278671, Params: [0.053190, 1.000000, 1.000000, 0.882102, 0.000100, -2.642856, 0.126189]
Loss: 0.098989, Params: [1.000000, 0.002365, 1.000000, 0.000100, 0.213012, -4.830355, 0.100000]
Loss: 0.274053, Params: [1.000000, 0.176427, 1.000000, 0.000100, 0.225000, -5.959054, 0.100000]
Loss: 0.098990, Params: [0.000000, 0.000000, 1.000000, 0.000100, 0.225000, -4.596830, 0.100000]
Loss: 0.451137, Params: [0.505707, 0.315922, 1.000000, 0.000100, 0.225000, -4.749401, 0.463329]
Loss: 0.529294, Params: [0.000000, 0.665754, 1.000000, 1.118085, 0.000100, -5.408738, 0.877714]
Loss: 0.533335, Params: [1.000000, 1.000000, 0.658504, 0.564563, 0.000100, -5.157242, 1.456452]
Loss: 0.581774, Params: [0.000000, 0.000000, 0.523443, 2.722733, 0.000100, -5.603213, 3.851320]
Loss: 0.098905, Params: [0.154185, 0.407272, 0.000000, 0.000100, 0.225000, -5.702799, 0.100000]
Loss: 0.099493, Params: [0.000000, 0.000000, 1.000000, 0.117118, 0.225000, -5.756219, 0.100000]
Loss: 0.451329, Params: [0.790854, 0.350110, 0.000000, 0.000100, 0.225000, -3.797276, 0.373143]
Loss: 0.274186, Params: [0.215481, 0.403817, 0.081552, 0.000100, 0.225000, -4.528415, 0.100000]
Loss: 0.099033, Params: [0.000000, 0.000000, 1.000000, 0.000100, 0.225000, -3.846896, 0.100000]
Loss: 0.098965, Params: [1.000000, 0.808981, 0.000000, 0.000100, 0.225000, -4.975090, 0.100000]
Loss: 0.098845, Params: [1.000000, 0.988518, 0.000000, 0.000100, 0.225000, -6.696321, 0.100000]
Loss: 0.586993, Params: [1.000000, 0.000000, 0.000000, 3.000000, 0.000100, -5.748235, 1.654721]
Loss: 0.545514, Params: [1.000000, 0.000000, 1.000000, 0.523079, 0.000100, -5.510675, 1.845140]
Loss: 0.098905, Params: [0.000000, 1.000000, 0.087817, 0.000100, 0.225000, -5.879362, 0.100000]
Loss: 0.108088, Params: [1.000000, 1.000000, 0.000000, 1.791579, 0.000100, -4.782734, 0.100000]
Loss: 0.274186, Params: [0.000000, 0.000000, 0.567329, 0.000100, 0.225000, -4.132062, 0.100000]
Loss: 0.273972, Params: [1.000000, 0.462292, 0.000000, 0.000100, 0.225000, -6.970475, 0.100000]
Loss: 0.273830, Params: [1.000000, 0.605364, 0.000000, 0.000100, 0.225000, -6.271964, 0.134228]
Loss: 0.104684, Params: [0.000000, 1.000000, 0.000000, 0.976518, 0.225000, -5.610249, 0.100000]
Loss: 0.463472, Params: [1.000000, 0.955617, 0.542973, 0.000100, 0.225000, -4.794368, 1.259540]
Loss: 0.715630, Params: [1.000000, 1.000000, 0.000000, 1.582818, 0.225000, -5.279453, 1.289327]
Loss: 0.579304, Params: [0.510944, 1.000000, 0.000000, 3.000000, 0.000100, -6.620685, 4.067006]
Loss: 0.099293, Params: [0.000000, 1.000000, 1.000000, 0.000100, 0.038808, -4.793449, 0.100000]
Loss: 0.274186, Params: [0.000000, 0.682119, 0.964417, 0.000100, 0.225000, -4.436089, 0.100000]
Loss: 0.273972, Params: [0.324793, 0.996384, 0.000000, 0.000100, 0.225000, -7.041186, 0.100000]
Loss: 0.527432, Params: [0.058675, 1.000000, 1.000000, 1.620015, 0.000100, -5.752029, 0.650036]
Loss: 0.532119, Params: [0.461322, 1.000000, 1.000000, 1.865119, 0.000100, -4.656340, 0.720594]
Loss: 0.489939, Params: [1.000000, 1.000000, 0.973320, 0.240377, 0.000100, -5.281105, 0.918546]
Loss: 0.453772, Params: [0.000000, 0.015200, 0.000000, 0.000100, 0.225000, -6.454281, 0.845443]
Loss: 0.580920, Params: [0.000000, 0.000000, 0.000000, 3.000000, 0.000100, -4.841920, 1.443888]
Loss: 0.547361, Params: [0.559305, 1.000000, 1.000000, 0.742925, 0.000100, -6.688363, 1.439535]
